[[450, array([[246.739458,  91.445667],
       [245.668886,  91.087661],
       [244.945316,  89.100581],
       [244.371218,  87.203081],
       [243.576886,  83.740358],
       [243.268635,  83.848618],
       [242.741187,  83.854858],
       [241.785237,  82.941978],
       [240.530318,  83.772776],
       [239.796196,  84.487814],
       [240.727473,  81.547403],
       [240.828627,  80.381185],
       [242.042259,  79.362361],
       [241.680503,  78.582131],
       [242.287201,  76.37364 ],
       [240.467793,  75.81046 ],
       [240.696327,  75.03487 ],
       [240.492177,  72.250209],
       [237.693404,  69.684169],
       [236.64194 ,  67.53482 ],
       [235.85159 ,  66.096316],
       [234.387183,  64.014362],
       [233.547001,  62.618942],
       [233.858099,  62.406471],
       [234.056012,  60.719157],
       [234.725033,  62.303783],
       [236.180299,  61.309075],
       [236.345019,  59.967922],
       [235.088202,  58.92402 ],
       [235.018969,  57.790373],
       [232.999694,  56.042303],
       [232.756122,  56.241384],
       [233.793623,  55.4063  ],
       [233.927166,  52.480636],
       [233.997086,  52.348083],
       [230.608894,  52.639154],
       [230.468865,  54.419532],
       [230.128456,  53.483866],
       [227.372833,  51.692627],
       [224.323871,  50.174006],
       [224.794357,  47.912957],
       [223.794922,  47.554875],
       [222.832167,  47.872145],
       [222.749506,  48.216398],
       [222.093699,  47.866671],
       [221.912989,  48.017199],
       [222.226791,  47.441218],
       [220.974261,  47.620711],
       [220.028534,  47.646918],
       [219.990854,  48.329579],
       [218.48513 ,  46.344484],
       [217.707462,  44.848902],
       [217.14723 ,  44.013994],
       [217.012519,  44.392172],
       [215.614379,  41.560417],
       [213.995478,  41.919315],
       [212.913656,  40.996478],
       [213.199967,  40.179369],
       [212.019508,  38.860293],
       [211.971641,  37.846761],
       [212.334202,  36.965026],
       [211.384945,  38.227232],
       [210.914698,  39.05049 ],
       [212.027985,  38.703866],
       [209.638268,  40.231764],
       [209.296515,  40.958708],
       [207.487634,  39.302351],
       [205.682704,  39.213838],
       [205.489454,  38.299609],
       [203.425164,  38.310132],
       [202.549923,  38.733482],
       [201.963078,  39.221904],
       [200.672004,  37.062193],
       [200.987842,  35.245984],
       [199.312533,  33.946442],
       [196.558467,  34.180844],
       [196.847706,  32.853891],
       [195.165992,  31.866601],
       [193.481394,  33.616561],
       [192.646265,  33.366209],
       [191.761373,  32.39393 ],
       [192.17636 ,  31.081291],
       [190.22926 ,  30.565319],
       [188.932702,  31.484268],
       [188.429611,  32.096112],
       [187.914706,  31.071387],
       [187.474695,  30.225318],
       [184.529378,  29.414983],
       [183.513648,  29.178072],
       [183.168713,  30.023868],
       [181.370025,  28.094726],
       [179.774181,  27.993692],
       [178.799775,  26.603999],
       [178.258606,  27.22717 ],
       [176.939192,  26.393197],
       [176.107332,  26.421575],
       [176.122827,  25.234046],
       [174.446817,  24.973883],
       [172.180728,  27.26662 ],
       [171.652604,  27.905148],
       [170.566222,  26.859963],
       [169.507562,  26.864064],
       [170.353205,  26.165936],
       [169.230476,  24.618524],
       [167.781151,  26.32964 ],
       [167.331115,  26.374649],
       [167.14238 ,  26.612179],
       [165.675378,  28.360981],
       [164.174436,  28.628703],
       [163.365346,  27.423268],
       [162.498462,  28.461608],
       [162.77473 ,  27.430023],
       [162.209244,  27.863701],
       [160.857707,  30.106473],
       [159.5657  ,  29.408667],
       [158.359618,  27.483158],
       [156.486806,  26.536809],
       [155.461468,  26.65109 ],
       [153.069458,  27.320264],
       [152.86892 ,  25.824724],
       [150.367784,  25.157995],
       [151.33761 ,  24.110592],
       [150.891051,  22.940594],
       [151.016301,  23.169393],
       [148.483246,  24.002453],
       [147.986263,  23.178683],
       [148.173024,  22.929611],
       [146.291666,  23.542973],
       [145.774805,  24.421512],
       [143.416266,  24.158082],
       [141.885268,  23.782938],
       [140.904407,  23.066271],
       [140.773042,  22.987049],
       [139.924385,  24.61227 ],
       [139.966113,  26.024542],
       [139.70129 ,  25.423322],
       [138.515408,  25.750168],
       [137.060955,  25.860753],
       [137.610311,  25.144478],
       [135.976806,  24.272894],
       [135.339014,  23.905988],
       [134.123669,  23.245757],
       [132.841278,  22.579652],
       [133.242384,  24.579322],
       [131.812333,  25.626544],
       [130.46145 ,  25.34782 ],
       [129.82699 ,  23.937071],
       [129.38355 ,  23.197354],
       [127.953837,  22.940379],
       [126.518611,  24.542074],
       [126.662461,  24.378749],
       [126.749931,  23.468492],
       [125.062542,  23.46542 ],
       [123.008579,  24.021215],
       [123.819635,  24.387522],
       [124.035482,  24.793536],
       [123.357694,  25.175523],
       [120.556795,  24.050504],
       [121.005164,  23.98091 ],
       [119.916726,  24.094035],
       [117.775904,  23.64807 ],
       [116.68114 ,  23.935187],
       [115.41408 ,  24.137625],
       [115.121148,  24.072564],
       [113.883823,  23.803807],
       [113.961708,  24.191526],
       [111.152226,  24.952356],
       [110.986858,  23.257411],
       [110.451951,  21.917835],
       [109.269812,  23.913585],
       [109.405165,  24.66607 ],
       [109.416759,  24.844342],
       [108.012494,  25.931723],
       [105.913474,  24.594191],
       [105.859119,  25.13921 ],
       [103.379942,  24.827017],
       [102.914387,  24.48397 ],
       [102.808154,  23.184455],
       [101.986745,  23.806993],
       [102.702957,  25.008124],
       [101.792879,  25.881183],
       [101.050051,  27.554915],
       [100.413974,  28.357947],
       [100.423586,  28.474984],
       [100.329064,  29.971969],
       [ 97.743575,  29.905688],
       [ 97.357132,  30.763075],
       [ 98.473215,  31.519864],
       [ 97.751711,  32.402452],
       [ 97.214093,  31.097725],
       [ 96.729287,  32.123824],
       [ 95.978444,  33.033562],
       [ 95.067571,  35.693656],
       [ 96.404698,  34.420441],
       [ 95.141639,  34.753265],
       [ 93.067806,  33.763031],
       [ 92.499391,  32.663045],
       [ 91.9294  ,  32.157985],
       [ 91.979419,  31.596351],
       [ 89.699638,  33.018101],
       [ 88.772696,  34.174312],
       [ 87.366995,  34.621596],
       [ 83.64072 ,  33.516024],
       [ 84.444567,  34.504724],
       [ 82.702301,  35.698797],
       [ 83.018175,  36.398567],
       [ 83.329183,  37.441477],
       [ 83.553157,  36.440709],
       [ 85.726579,  37.263284],
       [ 85.415625,  36.830339],
       [ 86.18721 ,  39.17831 ],
       [ 84.471929,  38.510497],
       [ 83.89725 ,  39.296004],
       [ 81.62623 ,  39.591052],
       [ 81.665607,  40.59292 ],
       [ 80.115238,  40.853772],
       [ 78.371975,  42.244305],
       [ 76.561146,  41.939318],
       [ 74.819667,  43.321495],
       [ 75.128061,  42.569159],
       [ 73.951672,  46.302522],
       [ 74.307206,  45.482705],
       [ 74.412404,  45.310629],
       [ 72.274433,  46.355959],
       [ 69.99154 ,  46.987752],
       [ 68.297422,  47.795636],
       [ 68.531775,  48.525942],
       [ 68.607916,  49.988514],
       [ 68.34868 ,  51.877265],
       [ 66.488714,  51.336162],
       [ 65.54301 ,  51.076262],
       [ 64.722659,  51.196607],
       [ 62.956706,  51.424062],
       [ 61.954451,  50.408084],
       [ 60.228741,  50.428651],
       [ 58.706166,  49.942556],
       [ 59.07752 ,  50.353398],
       [ 59.954909,  49.697407],
       [ 61.216303,  52.33391 ],
       [ 60.860197,  54.706264],
       [ 61.482873,  55.101674],
       [ 61.403721,  56.064929],
       [ 60.849629,  57.402467],
       [ 60.463714,  56.674573],
       [ 60.374454,  58.484693],
       [ 60.447407,  58.242631],
       [ 60.025355,  58.282704],
       [ 57.174455,  58.19966 ],
       [ 57.32593 ,  57.513485],
       [ 56.567107,  61.167766],
       [ 58.202004,  62.730617],
       [ 58.74178 ,  64.701293],
       [ 58.353034,  64.031756],
       [ 57.593298,  64.486978],
       [ 55.992784,  64.021031],
       [ 55.293418,  63.745378],
       [ 54.944284,  63.276406],
       [ 55.194774,  64.330894],
       [ 52.733619,  62.503225],
       [ 51.748379,  60.631291],
       [ 51.348066,  59.659366],
       [ 51.958969,  60.160289],
       [ 53.003011,  60.439541],
       [ 53.967815,  59.809056],
       [ 52.962476,  61.467995],
       [ 52.054051,  61.961557],
       [ 50.618897,  62.872243],
       [ 50.374499,  62.331108],
       [ 50.407796,  62.825604],
       [ 50.982547,  64.684862],
       [ 50.334149,  68.286641],
       [ 51.225865,  68.079167],
       [ 50.653963,  69.168107],
       [ 49.583643,  70.522823],
       [ 49.377715,  69.662029],
       [ 47.328787,  69.661875],
       [ 45.798725,  69.647504],
       [ 46.543392,  69.874044],
       [ 44.191879,  71.783232],
       [ 43.021894,  70.655739],
       [ 42.762853,  70.776572],
       [ 41.921098,  72.725841],
       [ 43.249832,  73.56781 ],
       [ 43.52749 ,  73.309689],
       [ 44.478559,  73.361513],
       [ 43.757083,  73.929093],
       [ 43.78028 ,  74.363607],
       [ 42.666225,  75.079156],
       [ 42.823115,  74.457895],
       [ 43.383476,  75.349678],
       [ 44.125437,  77.722724],
       [ 44.306406,  76.507779],
       [ 43.172696,  78.728086],
       [ 41.850401,  79.690449],
       [ 42.843177,  80.151921],
       [ 44.22333 ,  80.165711],
       [ 43.610667,  79.712992],
       [ 43.389422,  81.759322],
       [ 42.474096,  82.897576],
       [ 42.11765 ,  83.579453],
       [ 41.396315,  83.603944],
       [ 40.802708,  83.343133],
       [ 39.818392,  83.993122],
       [ 40.115262,  86.046338],
       [ 41.204381,  87.364043],
       [ 41.994818,  88.310327],
       [ 43.582745,  88.278952],
       [ 44.212389,  86.528222],
       [ 43.96614 ,  87.015784],
       [ 43.054109,  85.715323],
       [ 42.990417,  85.187268],
       [ 41.978337,  84.354609]])], [630, array([[240.512826,  91.256143],
       [239.561247,  89.542809],
       [238.449775,  89.311   ],
       [237.406101,  88.82908 ],
       [235.58732 ,  88.18519 ],
       [235.770953,  86.520226],
       [234.967924,  85.982622],
       [234.615324,  84.725678],
       [235.01712 ,  84.261198],
       [235.65764 ,  83.403743],
       [235.693361,  82.00726 ],
       [235.064328,  80.061461],
       [235.130434,  79.440967],
       [235.034193,  77.673402],
       [234.657469,  76.449684],
       [234.520667,  74.367333],
       [234.865186,  73.241747],
       [234.77539 ,  70.743646],
       [234.740678,  69.543375],
       [234.523108,  69.136773],
       [235.486624,  68.236988],
       [234.896437,  67.266659],
       [235.155105,  65.420157],
       [234.016271,  61.675861],
       [233.540282,  61.658835],
       [231.967081,  61.880117],
       [230.867848,  60.399101],
       [229.661858,  57.820555],
       [229.69454 ,  58.716443],
       [227.678513,  56.964536],
       [227.849513,  55.090257],
       [228.405057,  53.996999],
       [227.225753,  52.998817],
       [224.860687,  52.456803],
       [225.577977,  51.454112],
       [223.850174,  49.846395],
       [221.714102,  50.038287],
       [221.721578,  51.060701],
       [221.001278,  49.195447],
       [220.9118  ,  47.429867],
       [222.178594,  46.728577],
       [221.26525 ,  45.413175],
       [220.207198,  43.806764],
       [219.244573,  42.709909],
       [218.499058,  44.4212  ],
       [217.221477,  43.794906],
       [216.604616,  44.948454],
       [217.164129,  44.475308],
       [215.279567,  44.009164],
       [215.805198,  43.484169],
       [216.766092,  42.026005],
       [216.382997,  41.085296],
       [215.473956,  40.015684],
       [213.582874,  39.789487],
       [213.338435,  40.713747],
       [211.538426,  38.736477],
       [209.760132,  38.692701],
       [208.550151,  39.227023],
       [208.548187,  40.120837],
       [208.181886,  40.828512],
       [207.231452,  40.678935],
       [206.263571,  40.547303],
       [206.177157,  39.591493],
       [205.701046,  39.025496],
       [207.173485,  38.647492],
       [206.628379,  38.006403],
       [205.698979,  37.222273],
       [204.489258,  36.923937],
       [203.073316,  34.448768],
       [201.070179,  33.522343],
       [200.567216,  33.092463],
       [200.555912,  33.253146],
       [199.087   ,  34.524482],
       [199.316782,  34.152714],
       [197.563427,  33.801823],
       [198.735996,  33.323683],
       [198.638955,  32.301285],
       [199.024714,  32.457932],
       [197.405541,  29.205221],
       [194.248992,  29.04213 ],
       [194.671323,  29.378066],
       [193.698023,  27.75394 ],
       [191.679535,  29.961406],
       [189.742255,  30.250292],
       [188.930579,  30.161213],
       [188.617866,  29.139761],
       [187.343463,  26.686156],
       [185.828444,  26.771626],
       [182.448378,  26.876696],
       [181.589399,  24.208448],
       [181.07015 ,  22.247126],
       [182.219598,  21.927173],
       [182.033996,  21.741547],
       [182.508257,  19.719453],
       [182.152462,  17.661947],
       [182.801356,  17.999369],
       [181.597484,  17.239034],
       [179.532274,  13.832925],
       [179.268526,  14.242419],
       [177.913858,  14.16252 ],
       [177.667491,  14.553986],
       [175.605593,  15.265318],
       [174.952529,  14.999033],
       [174.204802,  14.470486],
       [173.510618,  15.385888],
       [172.431542,  15.662813],
       [171.851775,  14.963914],
       [171.592937,  14.514382],
       [170.155194,  13.68415 ],
       [168.788301,  15.605204],
       [168.976326,  14.90298 ],
       [167.83887 ,  14.402802],
       [165.403275,  14.256077],
       [164.240794,  12.603337],
       [161.363294,  13.719363],
       [160.339808,  12.270295],
       [157.909234,  12.883676],
       [159.141948,  11.916819],
       [158.296034,  11.250547],
       [156.275996,  11.639775],
       [156.460895,  11.11    ],
       [153.726317,  11.438622],
       [152.964872,  13.4209  ],
       [153.332249,  11.877886],
       [151.261712,  12.561685],
       [150.727626,  13.017317],
       [150.204243,  11.965325],
       [149.516018,  13.843658],
       [149.956104,  15.15136 ],
       [148.841585,  15.237145],
       [147.76305 ,  15.242098],
       [147.023212,  15.52108 ],
       [145.663311,  16.02255 ],
       [146.172595,  15.777187],
       [144.022237,  15.794236],
       [144.240086,  17.020385],
       [144.173025,  17.133663],
       [142.756221,  16.706782],
       [141.995452,  16.494707],
       [142.629429,  16.552729],
       [140.139127,  16.412786],
       [138.622891,  17.044139],
       [135.758753,  16.559876],
       [134.441723,  16.416512],
       [133.659195,  15.846153],
       [131.776329,  16.534806],
       [129.240646,  15.338004],
       [129.317085,  16.347164],
       [127.408003,  15.936301],
       [126.363348,  17.258159],
       [126.478846,  18.03681 ],
       [124.865522,  18.228105],
       [124.089024,  17.313749],
       [122.361091,  17.304257],
       [121.723161,  17.739495],
       [122.388318,  17.673271],
       [121.131762,  18.587044],
       [121.188186,  19.166009],
       [119.508343,  17.975313],
       [118.379048,  17.009153],
       [118.222645,  17.615714],
       [115.76426 ,  18.959228],
       [114.816871,  19.256032],
       [115.366558,  18.059418],
       [113.838844,  18.196502],
       [113.996473,  19.658564],
       [112.927155,  20.185254],
       [111.192996,  18.70541 ],
       [110.115043,  18.028706],
       [107.054901,  18.277893],
       [105.063424,  17.797383],
       [105.088391,  16.823055],
       [102.547199,  14.455649],
       [101.67097 ,  13.947367],
       [100.785826,  15.165467],
       [101.029549,  15.995621],
       [100.983925,  14.986629],
       [ 98.76226 ,  16.549667],
       [ 98.524343,  15.343651],
       [ 97.949361,  14.139882],
       [ 97.453096,  14.528691],
       [ 95.58584 ,  13.816737],
       [ 94.270982,  12.905085],
       [ 93.929497,  14.390758],
       [ 93.829195,  13.737044],
       [ 92.581809,  15.424127],
       [ 91.834623,  15.655017],
       [ 92.463864,  15.682009],
       [ 90.863612,  15.639972],
       [ 89.295789,  17.823599],
       [ 88.117292,  17.516333],
       [ 84.882471,  19.072639],
       [ 83.634881,  18.480018],
       [ 83.753538,  18.037571],
       [ 84.257883,  20.910833],
       [ 84.047628,  21.522584],
       [ 83.848012,  22.077888],
       [ 83.946889,  21.039187],
       [ 83.131801,  23.08354 ],
       [ 83.166071,  22.401494],
       [ 81.932625,  23.584234],
       [ 81.428654,  26.056445],
       [ 80.523083,  26.006216],
       [ 78.464871,  25.118919],
       [ 76.983768,  24.391469],
       [ 75.89678 ,  23.374023],
       [ 75.499513,  22.741955],
       [ 73.034323,  24.224719],
       [ 72.980149,  26.081492],
       [ 72.608596,  27.178123],
       [ 73.268522,  26.589737],
       [ 72.402702,  27.772082],
       [ 72.201248,  28.491509],
       [ 69.415404,  27.717014],
       [ 67.525033,  27.655795],
       [ 67.025348,  28.216733],
       [ 67.890891,  28.26241 ],
       [ 67.389609,  28.057477],
       [ 64.799937,  28.926382],
       [ 64.717833,  30.823689],
       [ 65.666745,  32.208846],
       [ 63.69546 ,  33.953391],
       [ 63.3572  ,  35.594395],
       [ 64.3215  ,  36.715002],
       [ 65.091006,  38.317918],
       [ 64.197084,  40.118862],
       [ 62.789635,  39.460744],
       [ 61.031439,  40.752282],
       [ 59.544905,  40.480861],
       [ 58.876343,  40.232511],
       [ 57.272031,  40.357132],
       [ 57.059562,  38.838893],
       [ 55.65895 ,  38.633191],
       [ 55.57931 ,  37.449795],
       [ 54.437003,  36.075879],
       [ 54.032787,  36.895902],
       [ 53.140768,  38.44754 ],
       [ 54.048581,  38.572375],
       [ 55.538906,  39.771384],
       [ 55.521333,  40.993021],
       [ 56.977968,  41.323416],
       [ 57.225949,  40.311451]])], [1290, array([[248.001842,  93.995105],
       [247.947203,  93.943688],
       [247.562863,  94.120833],
       [246.399323,  93.787477],
       [246.338875,  92.278334],
       [246.025338,  92.370895],
       [245.411114,  90.95241 ],
       [243.631483,  89.343062],
       [243.1642  ,  88.663788],
       [244.059229,  87.813589],
       [244.842012,  86.876987],
       [246.498045,  86.534279],
       [246.554807,  86.483559],
       [246.350174,  85.196942],
       [246.532579,  84.091887],
       [245.063893,  83.131837],
       [245.003127,  80.776391],
       [244.47001 ,  80.362114],
       [245.259812,  79.910233],
       [245.833471,  80.145839],
       [245.574863,  78.876512],
       [246.567737,  76.927777],
       [246.504501,  76.642645],
       [248.857794,  75.452849],
       [248.150792,  74.773287],
       [248.758961,  74.553554],
       [246.788265,  73.790179],
       [245.978381,  74.490836],
       [244.85707 ,  73.594742],
       [244.581288,  71.441251],
       [245.868447,  70.026818],
       [246.170541,  68.623037],
       [245.474092,  67.196397],
       [244.88773 ,  65.761412],
       [243.002191,  64.652691],
       [243.424158,  63.766209],
       [243.371611,  62.29557 ],
       [241.840263,  60.008229],
       [242.460088,  58.224242],
       [240.623959,  56.782782],
       [240.87328 ,  55.076211],
       [239.467284,  54.972064],
       [238.073269,  55.145152],
       [237.125002,  54.75485 ],
       [236.631633,  53.549475],
       [236.250651,  52.957624],
       [235.10621 ,  49.620095],
       [233.792766,  51.061896],
       [231.926502,  50.533203],
       [230.68081 ,  49.948234],
       [229.874421,  48.60519 ],
       [228.38735 ,  49.056799],
       [226.007531,  46.964591],
       [225.113977,  46.627936],
       [224.017262,  45.476637],
       [223.058435,  44.740218],
       [222.878634,  43.025764],
       [222.609153,  40.959008],
       [222.289986,  40.081215],
       [219.613558,  38.56115 ],
       [220.220987,  38.767081],
       [218.179638,  39.879774],
       [217.416631,  39.935833],
       [217.03001 ,  39.018858],
       [216.533399,  39.538597],
       [216.054823,  37.931999],
       [214.539105,  37.929515],
       [213.417578,  38.84742 ],
       [212.73349 ,  39.971435],
       [212.65867 ,  40.717922],
       [214.390267,  40.875477],
       [214.14781 ,  40.442134],
       [213.736299,  39.792398],
       [212.866485,  36.937971],
       [212.841296,  36.757303],
       [211.397735,  33.582876],
       [210.085678,  33.567364],
       [210.793188,  32.102611],
       [208.078348,  31.726629],
       [207.469195,  32.856371],
       [206.20973 ,  33.029391],
       [205.049767,  32.544722],
       [203.192233,  31.692772],
       [202.341022,  30.993231],
       [201.775357,  32.011341],
       [201.539364,  31.545281],
       [199.451325,  31.116206],
       [198.319981,  29.618998],
       [197.505959,  29.897471],
       [197.813357,  28.262873],
       [196.590006,  28.033322],
       [196.293932,  29.308265],
       [193.559878,  28.761043],
       [193.322067,  29.871113],
       [190.236493,  29.380759],
       [189.426804,  30.398202],
       [188.564633,  30.706507],
       [188.949137,  30.665986],
       [188.581891,  29.083663],
       [188.721396,  27.488104],
       [186.681731,  25.442324],
       [186.768528,  23.843165],
       [185.746401,  23.668419],
       [185.785944,  22.848285],
       [183.161227,  22.725735],
       [183.421356,  23.872442],
       [181.827912,  24.052087],
       [181.426355,  21.722847],
       [181.346207,  21.505841],
       [179.616643,  23.830836],
       [179.784354,  25.300757],
       [178.667003,  25.389772],
       [178.403081,  25.507732],
       [178.154725,  27.374039],
       [178.464224,  28.743342],
       [177.599101,  28.619007],
       [176.806087,  29.42845 ],
       [174.125957,  30.044606],
       [173.923933,  28.699306],
       [173.161937,  28.235421],
       [173.889196,  29.509509],
       [171.199502,  28.122563],
       [170.176351,  28.954013],
       [169.391721,  28.092026],
       [168.653132,  26.407309],
       [167.108301,  25.368725],
       [165.671607,  24.320796],
       [165.087494,  24.240336],
       [164.13081 ,  21.9525  ],
       [162.187476,  23.037071],
       [162.645006,  24.221933],
       [161.736256,  24.800157],
       [161.535143,  25.061808],
       [160.93683 ,  25.356633],
       [161.15391 ,  25.285645],
       [159.19896 ,  27.220731],
       [157.412272,  28.836245],
       [154.615272,  29.844147],
       [154.266506,  30.284072],
       [154.612879,  31.168629],
       [155.329366,  31.824593],
       [154.415665,  30.621562],
       [154.123676,  30.873066],
       [151.899998,  30.864196],
       [149.957879,  32.188507],
       [147.56512 ,  31.628084],
       [146.744979,  30.617628],
       [147.098432,  30.648126],
       [146.229247,  31.596031],
       [144.024729,  33.095454],
       [143.428747,  32.498237],
       [141.883389,  32.167199],
       [140.96828 ,  31.582661],
       [140.435078,  32.470448],
       [141.691315,  32.687987],
       [140.57455 ,  31.331098],
       [140.815953,  32.263767],
       [139.485759,  30.669879],
       [139.359024,  32.274514],
       [139.003896,  30.848868],
       [136.298324,  31.503843],
       [134.642979,  32.298819],
       [133.46321 ,  31.99233 ],
       [133.072486,  32.60718 ],
       [133.501291,  31.699896],
       [133.888272,  31.138377],
       [133.636434,  29.60984 ],
       [131.772604,  30.263686],
       [131.432905,  30.97719 ],
       [129.290734,  31.847285],
       [127.417668,  32.314275],
       [126.00684 ,  32.017423],
       [126.406728,  32.956801],
       [123.949777,  33.531916],
       [122.536668,  33.366859],
       [122.417171,  31.459406],
       [120.043572,  31.499484],
       [118.759613,  30.809755],
       [118.501897,  29.204146],
       [119.31817 ,  28.669407],
       [117.803788,  28.295142],
       [115.404854,  28.490326],
       [113.702553,  27.945555],
       [114.70181 ,  27.723723],
       [113.259666,  28.253389],
       [113.294201,  28.672408],
       [112.176721,  28.152494],
       [109.819932,  26.405696],
       [109.572225,  25.475274],
       [108.108161,  24.722599],
       [107.898462,  24.01915 ],
       [106.939607,  25.131777],
       [107.356332,  25.000934],
       [104.380887,  26.065008],
       [103.730019,  25.080636],
       [103.434175,  26.2587  ],
       [102.245603,  26.605991],
       [101.424381,  28.988025],
       [101.618619,  31.602455],
       [101.251372,  33.470289],
       [101.423922,  33.526804],
       [100.473458,  33.183366],
       [100.219539,  33.035628],
       [ 99.009006,  35.235423],
       [ 96.675397,  35.256748],
       [ 95.374307,  34.385221],
       [ 94.315006,  34.356203],
       [ 92.433067,  33.29602 ],
       [ 92.132888,  32.258174],
       [ 91.508963,  31.260026],
       [ 91.671553,  30.073366],
       [ 93.750485,  30.980769],
       [ 93.930402,  31.259688],
       [ 93.791385,  32.792246],
       [ 92.868282,  33.693034],
       [ 92.27495 ,  33.294752],
       [ 91.360364,  33.533765],
       [ 92.105081,  34.121037],
       [ 89.464832,  36.019782],
       [ 86.839439,  35.639246],
       [ 87.047443,  37.842128],
       [ 86.719109,  38.39807 ],
       [ 85.633885,  39.070073],
       [ 86.268005,  40.793463],
       [ 84.629992,  41.659334],
       [ 84.941736,  42.274668],
       [ 83.277527,  42.433795],
       [ 83.559298,  42.525206],
       [ 83.861323,  43.842452],
       [ 84.134619,  45.858455],
       [ 83.236822,  45.844202],
       [ 81.716385,  45.381142],
       [ 81.647675,  45.407492],
       [ 80.208644,  45.657227],
       [ 78.610033,  45.145473],
       [ 77.523803,  45.845609],
       [ 79.17616 ,  47.276809],
       [ 79.705358,  48.712186],
       [ 79.655713,  48.395311],
       [ 80.982565,  49.778137],
       [ 79.634981,  50.07188 ],
       [ 78.498513,  50.582464],
       [ 75.687067,  52.567557],
       [ 76.311717,  53.92017 ],
       [ 75.552756,  54.731827],
       [ 73.657774,  54.487863],
       [ 73.365333,  54.869541],
       [ 72.656746,  54.847727],
       [ 73.054677,  57.169791],
       [ 72.406915,  58.785517],
       [ 71.891373,  57.712586],
       [ 70.009218,  56.983123],
       [ 69.334778,  58.332539],
       [ 67.926543,  57.585218],
       [ 68.030417,  58.580161],
       [ 67.962037,  59.866772],
       [ 67.85796 ,  61.021227],
       [ 67.308745,  62.239216],
       [ 67.523302,  62.778997],
       [ 68.774277,  63.519205],
       [ 68.012664,  65.452314],
       [ 66.617766,  64.96839 ],
       [ 65.932458,  64.029937],
       [ 65.719811,  63.888005],
       [ 64.158185,  65.637754],
       [ 63.063495,  66.632249],
       [ 62.427745,  67.018754],
       [ 60.944804,  66.159786],
       [ 59.695115,  66.964307],
       [ 58.929554,  65.756766],
       [ 58.276653,  68.28421 ],
       [ 57.019193,  66.70873 ],
       [ 56.306151,  66.406525],
       [ 56.362214,  65.199426],
       [ 54.779066,  65.765028],
       [ 53.805055,  67.677544],
       [ 52.431718,  67.955014],
       [ 51.990603,  66.663852],
       [ 51.884477,  66.254542],
       [ 51.617648,  65.85811 ],
       [ 50.045121,  65.956205],
       [ 49.238536,  65.192842],
       [ 47.299613,  66.28045 ],
       [ 47.422063,  66.689159],
       [ 47.244604,  67.964125],
       [ 46.265845,  69.123455],
       [ 44.885571,  70.325783],
       [ 43.65995 ,  69.578598],
       [ 42.891689,  69.884441],
       [ 41.622881,  70.520889],
       [ 42.021679,  71.385228],
       [ 39.409452,  71.317582],
       [ 38.181419,  73.262866],
       [ 37.029924,  71.565848],
       [ 36.071551,  72.370549],
       [ 36.977033,  71.946314],
       [ 36.513505,  73.779188],
       [ 36.314477,  73.71889 ],
       [ 35.433629,  74.332383],
       [ 35.122586,  73.770825],
       [ 35.170839,  74.340692],
       [ 35.832303,  74.513063],
       [ 35.068418,  77.327498],
       [ 34.677362,  78.864711],
       [ 33.56452 ,  79.104621],
       [ 32.054717,  79.477212],
       [ 31.340733,  78.64376 ],
       [ 29.990359,  78.749056],
       [ 29.926644,  80.615796],
       [ 28.900026,  80.44616 ],
       [ 27.452634,  79.817254],
       [ 27.171987,  81.293657],
       [ 25.846642,  80.750334],
       [ 25.011387,  82.319652],
       [ 24.650203,  82.018254],
       [ 23.10704 ,  83.190242],
       [ 21.364131,  84.320583],
       [ 20.137329,  83.749639],
       [ 18.990375,  84.39269 ],
       [ 20.048241,  83.550452],
       [ 18.641002,  85.231671],
       [ 17.92848 ,  84.654402],
       [ 18.58814 ,  85.28622 ],
       [ 16.540115,  86.235184],
       [ 17.725808,  86.447093],
       [ 17.850291,  86.619889],
       [ 18.103205,  86.741818],
       [ 17.93965 ,  87.828928],
       [ 17.470391,  87.774471],
       [ 17.227538,  88.490164],
       [ 17.100845,  89.422866],
       [ 15.185396,  89.8111  ],
       [ 14.766037,  88.580676],
       [ 14.731682,  87.629729],
       [ 12.115023,  88.912693],
       [  9.64431 ,  89.070085],
       [  9.716762,  88.215851],
       [ 10.660656,  87.241503],
       [ 11.108033,  85.137571],
       [ 11.433171,  84.644496],
       [ 10.52764 ,  86.107026],
       [  9.726963,  86.073007],
       [  9.466193,  86.2685  ],
       [  9.184946,  87.046284],
       [  7.900143,  87.564444],
       [  9.148163,  88.071078],
       [  9.940274,  88.608106]])], [1317, array([[242.997054,  94.958281],
       [244.225835,  92.260018],
       [242.257619,  91.204016],
       [242.179621,  90.494488],
       [241.055456,  87.920614],
       [240.156278,  86.762636],
       [240.945193,  84.997604],
       [241.637056,  81.651361],
       [241.241402,  80.596018],
       [241.532496,  79.745551],
       [241.084634,  79.160092],
       [239.807873,  79.345614],
       [239.911243,  75.379264],
       [239.906344,  74.328106],
       [238.56755 ,  73.546372],
       [236.472613,  72.648982],
       [235.765929,  72.407893],
       [234.810609,  72.146262],
       [234.13823 ,  72.377365],
       [233.614446,  71.58382 ],
       [234.493948,  71.234869],
       [234.039901,  69.280716],
       [235.683343,  67.279839],
       [235.811295,  64.386794],
       [236.450381,  63.643982],
       [235.065396,  61.314348],
       [234.397857,  60.961573],
       [233.380728,  58.922228],
       [234.791584,  58.415904],
       [233.567636,  56.938498],
       [232.749168,  56.782704],
       [233.059607,  54.547218],
       [233.535396,  53.743765],
       [233.597792,  52.459045],
       [231.697116,  51.563315],
       [229.626705,  52.457191],
       [228.830034,  51.458238],
       [227.743897,  51.019237],
       [227.552544,  51.606879],
       [227.166922,  52.04464 ],
       [226.793277,  51.369871],
       [226.894574,  48.930092],
       [226.080178,  46.767942],
       [224.245541,  47.694982],
       [223.91509 ,  47.552857],
       [224.085096,  46.169093],
       [222.691017,  46.067474],
       [222.900531,  46.461719],
       [222.157721,  45.166739],
       [221.705161,  43.765601],
       [220.339471,  44.744695],
       [220.08847 ,  45.404441],
       [218.869813,  44.537381],
       [216.943188,  41.251134],
       [217.195643,  39.599411],
       [216.317556,  39.351004],
       [214.876278,  40.095444],
       [213.297287,  38.806843],
       [212.767796,  38.62869 ],
       [212.530959,  37.945865],
       [213.446275,  36.242389],
       [210.835337,  35.20846 ],
       [209.427081,  33.487552],
       [209.344969,  31.580683],
       [207.758735,  31.784907],
       [207.316876,  32.187384],
       [206.000798,  31.760367],
       [204.888657,  30.271107],
       [203.007884,  28.427553],
       [201.952497,  27.89173 ],
       [202.209108,  27.857229],
       [202.025167,  26.451753],
       [200.63062 ,  25.705959],
       [200.138711,  26.018935],
       [199.53004 ,  25.00053 ],
       [200.42725 ,  24.309574],
       [198.562097,  23.172694],
       [198.644155,  23.582549],
       [197.98997 ,  25.061385],
       [196.526576,  24.477233],
       [196.923162,  22.831656],
       [195.323449,  22.664626],
       [193.311485,  22.30269 ],
       [190.074006,  20.232866],
       [188.855672,  19.484851],
       [185.671407,  18.798909],
       [182.719783,  17.907503],
       [181.527553,  16.499334],
       [182.670905,  16.363831],
       [183.001221,  15.305242],
       [181.217091,  14.473997],
       [180.122779,  13.246383],
       [179.254699,  14.624264],
       [178.888459,  14.06202 ],
       [177.226232,  14.658179],
       [177.101662,  15.61709 ],
       [176.149268,  16.126334],
       [176.231321,  14.915552],
       [175.654372,  12.972424],
       [174.489525,  12.815846],
       [172.290827,  13.397357],
       [171.425599,  11.956284],
       [169.706992,  12.163754],
       [167.436358,  11.017571],
       [165.274574,  13.094001],
       [165.530616,  13.110182],
       [166.185873,  13.543223],
       [165.722672,  15.224838],
       [164.364231,  15.522926],
       [163.813227,  15.817469],
       [161.500557,  15.051868],
       [159.983967,  14.251718],
       [159.640147,  13.621477],
       [159.277317,  13.767808],
       [158.894607,  13.105131],
       [156.613132,  12.817921],
       [155.319881,  15.149076],
       [154.949421,  15.223346],
       [154.251464,  14.831404],
       [154.504936,  14.634338],
       [153.466937,  16.821399],
       [151.386696,  16.206477],
       [149.326536,  14.986645],
       [148.076692,  13.509542],
       [147.607727,  13.429264],
       [148.10102 ,  13.310431],
       [146.668343,  13.843206],
       [146.498802,  15.629683],
       [144.990315,  15.292423],
       [145.691871,  14.669571],
       [145.454979,  14.046519],
       [145.288716,  15.669892],
       [143.662222,  15.227377],
       [143.370363,  15.077289],
       [143.787542,  14.603025],
       [141.566553,  13.362146],
       [139.732163,  13.140672],
       [138.210603,  13.069727],
       [136.434813,  13.429906],
       [135.492944,  13.12652 ],
       [134.185794,  13.804521],
       [133.584424,  15.39359 ],
       [133.307052,  15.293928],
       [132.078527,  14.914639],
       [129.493867,  14.170998],
       [129.418252,  14.043039],
       [129.798143,  15.384132],
       [129.744473,  16.592745],
       [129.273486,  16.550183],
       [129.293909,  18.382393],
       [128.483644,  19.134617],
       [125.485861,  19.281103],
       [124.462271,  19.198224],
       [123.714067,  19.127704],
       [123.253168,  20.976323],
       [121.683044,  21.256057],
       [121.074573,  21.397418],
       [120.026873,  20.626048],
       [119.644315,  21.796674],
       [120.31301 ,  22.309164],
       [119.490242,  22.277683],
       [119.327577,  22.548258],
       [118.240075,  22.16453 ],
       [118.399993,  21.840871],
       [116.699479,  22.354024],
       [114.989912,  23.021429],
       [114.846053,  21.962791],
       [114.142993,  21.736349],
       [112.886027,  22.595118],
       [112.220309,  22.810999],
       [111.062299,  21.623082],
       [109.509702,  22.201913],
       [110.228815,  23.423128],
       [110.39092 ,  23.975372],
       [108.416256,  24.128722],
       [105.879662,  24.256057],
       [105.384913,  23.124229],
       [105.050871,  21.968986],
       [102.860331,  22.210498],
       [102.600366,  21.277653],
       [103.946056,  21.540627],
       [103.308318,  22.528604],
       [101.208725,  23.732027],
       [ 99.781379,  25.520281],
       [ 99.044052,  25.075211],
       [ 98.022005,  27.365222],
       [ 96.436405,  26.701823],
       [ 95.163586,  25.65605 ],
       [ 94.320869,  27.069016],
       [ 94.511271,  28.119254],
       [ 96.097321,  28.549995],
       [ 96.02962 ,  29.834755],
       [ 97.242398,  31.877091],
       [ 96.15921 ,  33.14199 ],
       [ 94.20728 ,  34.665528],
       [ 93.537292,  35.542517],
       [ 94.04956 ,  36.289703],
       [ 91.610993,  37.519672],
       [ 93.061027,  38.87262 ],
       [ 92.532427,  40.500873],
       [ 93.367855,  40.128007],
       [ 92.449358,  41.022461],
       [ 91.474218,  39.156708],
       [ 91.620836,  40.369992],
       [ 91.045824,  39.52107 ],
       [ 89.524647,  40.954768],
       [ 90.696431,  42.828404],
       [ 90.827716,  43.076686],
       [ 90.857469,  43.939995],
       [ 90.365243,  44.567246],
       [ 90.699064,  46.451382],
       [ 92.030837,  45.942644],
       [ 93.111388,  46.325949],
       [ 92.813346,  47.638848],
       [ 91.929534,  46.969631],
       [ 90.823469,  47.403603],
       [ 91.122424,  46.547128],
       [ 90.81751 ,  48.649247],
       [ 89.04941 ,  48.341595],
       [ 90.147949,  46.65318 ],
       [ 91.409677,  47.74712 ],
       [ 86.749629,  46.959377],
       [ 86.421056,  47.20412 ],
       [ 84.985289,  47.016668],
       [ 85.768296,  48.357526],
       [ 85.987483,  49.15486 ],
       [ 84.894265,  48.799319],
       [ 84.507357,  50.41745 ],
       [ 83.658651,  51.871462],
       [ 84.773775,  49.102315],
       [ 85.239338,  54.8586  ],
       [ 85.111082,  54.232309],
       [ 83.646771,  53.443525],
       [ 83.790034,  54.508423],
       [ 85.400145,  56.797045],
       [ 86.283998,  55.782793],
       [ 85.62463 ,  56.45593 ],
       [ 84.719746,  56.541461],
       [ 87.175192,  57.745524],
       [ 86.179842,  59.027589],
       [ 85.576166,  59.389356],
       [ 84.615839,  58.837874],
       [ 85.653857,  58.114095],
       [ 85.536614,  58.714143],
       [ 85.948166,  57.936807],
       [ 84.501235,  56.698516]])], [1699, array([[240.561922,  98.083233],
       [239.420958,  96.51602 ],
       [240.109255,  96.941823],
       [240.384198,  95.235479],
       [241.047612,  94.266123],
       [240.493277,  94.279282],
       [239.562753,  93.740244],
       [239.9386  ,  92.625664],
       [239.130637,  91.949779],
       [239.545965,  91.231404],
       [238.643969,  89.469128],
       [238.182915,  89.166268],
       [237.274317,  89.456594],
       [235.813923,  85.878083],
       [237.859036,  85.00873 ],
       [238.127647,  84.827949],
       [236.58546 ,  81.670552],
       [236.043375,  81.632055],
       [235.836481,  80.593195],
       [235.584858,  79.880964],
       [236.846279,  79.13545 ],
       [235.843862,  76.164347],
       [235.053292,  74.274971],
       [234.979903,  72.534886],
       [234.764243,  71.473685],
       [233.580648,  70.338104],
       [232.17043 ,  68.702608],
       [232.249021,  68.078563],
       [232.413047,  66.026737],
       [231.421197,  65.631801],
       [228.687897,  65.190594],
       [230.520652,  63.035383],
       [229.124002,  60.645258],
       [229.770938,  58.67308 ],
       [228.290573,  58.662349],
       [227.061546,  57.085969],
       [226.510576,  55.020893],
       [226.417065,  54.132881],
       [224.212873,  53.9732  ],
       [223.080051,  52.71563 ],
       [223.842835,  51.61981 ],
       [222.393449,  49.695063],
       [221.226825,  48.504837],
       [221.273499,  47.846081],
       [219.768191,  48.393229],
       [218.905786,  47.040121],
       [218.667103,  48.013058],
       [217.260747,  47.5555  ],
       [216.705996,  48.393288],
       [217.621039,  46.049188],
       [216.351303,  43.077403],
       [216.205936,  40.226398],
       [214.167877,  39.478521],
       [214.090259,  39.990863],
       [213.239255,  40.587341],
       [212.845274,  40.303397],
       [212.025095,  39.932228],
       [211.539586,  39.597325],
       [210.551767,  41.265633],
       [209.53623 ,  40.376409],
       [207.978596,  39.355971],
       [208.460405,  38.111699],
       [206.736099,  37.911444],
       [205.887568,  37.695957],
       [205.166013,  37.739427],
       [203.373304,  38.257719],
       [203.55269 ,  36.574308],
       [204.094407,  35.499953],
       [204.047451,  33.569106],
       [202.598673,  34.361852],
       [202.688136,  33.025877],
       [201.678342,  32.806479],
       [201.721999,  32.305182],
       [201.242653,  32.406271],
       [201.064924,  31.611089],
       [200.488405,  30.786303],
       [199.302764,  30.614062],
       [197.467271,  30.316657],
       [196.130695,  30.392042],
       [195.051192,  31.204587],
       [192.872843,  28.87424 ],
       [191.714   ,  27.848945],
       [191.253369,  28.093538],
       [189.733008,  27.276016],
       [189.527955,  26.745688],
       [189.764919,  26.041761],
       [188.99516 ,  25.67304 ],
       [188.963838,  25.94888 ],
       [187.303009,  24.934979],
       [184.96094 ,  23.818907],
       [185.36629 ,  22.338953],
       [185.315505,  20.632034],
       [184.329549,  21.559498],
       [183.258379,  22.526157],
       [181.547571,  22.612838],
       [180.314749,  21.052384],
       [180.417891,  20.441438],
       [178.269607,  19.790787],
       [178.260316,  20.838768],
       [179.041598,  21.13853 ],
       [179.028306,  19.575942],
       [179.305822,  19.196364],
       [179.480867,  17.467791],
       [178.552684,  17.436334],
       [177.706837,  15.505962],
       [177.489365,  16.226382],
       [174.70835 ,  16.112207],
       [173.25266 ,  17.796967],
       [171.375733,  18.504229],
       [169.540579,  16.483283],
       [168.439194,  16.020018],
       [167.156946,  14.760245],
       [166.827432,  16.115568],
       [166.727307,  16.027919],
       [167.964375,  16.673473],
       [167.393754,  15.528305],
       [168.347526,  18.353447],
       [167.827974,  18.324577],
       [165.400047,  18.234227],
       [164.134169,  17.166934],
       [163.624095,  15.802672],
       [162.083441,  16.434067],
       [160.488014,  14.998498],
       [158.985966,  16.689154],
       [160.273437,  16.493204],
       [159.108452,  15.454546],
       [156.413097,  13.279776],
       [154.477758,  13.486284],
       [155.106623,  13.968663],
       [153.567097,  14.427314],
       [152.953664,  14.445326],
       [152.300893,  12.681466],
       [150.244917,  13.659981],
       [150.208798,  15.464734],
       [148.565476,  14.339184],
       [146.94978 ,  12.109964],
       [145.221124,  11.215812],
       [144.451429,   9.818411],
       [142.718082,  12.03612 ],
       [143.474241,  10.03731 ],
       [142.415015,   9.343061],
       [140.198185,   6.976465],
       [137.604245,   7.067616],
       [136.69046 ,   6.205896],
       [134.146552,   5.756267],
       [133.534512,   5.998401],
       [135.10453 ,   7.801192],
       [133.786715,   7.935407],
       [132.365818,   7.588409],
       [130.464641,   9.533874],
       [128.63351 ,  10.331313],
       [127.8484  ,   9.230421],
       [126.119854,   9.308206],
       [123.576165,   8.426256],
       [122.748371,   8.973257],
       [122.243863,   8.184542],
       [121.093419,   7.804601],
       [118.942722,   7.913502],
       [120.318705,   8.209456],
       [119.884645,   8.525804],
       [120.634388,  10.537023],
       [119.921611,  10.183096],
       [118.607852,  10.648687],
       [118.907045,  12.83918 ],
       [119.706928,  13.006786],
       [118.439981,  11.988297],
       [118.116929,  13.065925],
       [117.787363,  13.883826],
       [115.777198,  15.340805],
       [115.261513,  13.359694],
       [113.679906,  12.01935 ],
       [112.611459,  11.507   ],
       [113.666329,  12.255038],
       [111.507201,  12.280792],
       [111.296866,  12.899338],
       [110.490621,  13.922575],
       [110.198186,  15.190795],
       [110.227675,  15.475869],
       [109.608316,  14.652978],
       [107.094242,  15.037859],
       [105.575791,  13.314904],
       [105.941934,  14.050195],
       [105.749793,  14.52122 ],
       [106.061236,  15.368227],
       [103.698641,  16.271689],
       [102.325031,  15.892538],
       [102.008366,  16.097558],
       [101.479325,  15.342503],
       [ 99.921075,  16.252967],
       [100.118017,  15.247304],
       [ 99.001246,  13.562584],
       [ 97.773968,  15.427823],
       [ 97.360639,  15.690703],
       [ 95.870056,  15.223565],
       [ 95.284613,  13.501524],
       [ 94.616176,  14.360013],
       [ 93.2194  ,  15.343855],
       [ 91.683389,  15.481995],
       [ 90.308143,  14.553738],
       [ 89.872226,  14.287166],
       [ 89.279142,  12.555659],
       [ 88.394509,  13.042157],
       [ 87.312885,  12.872691],
       [ 88.516687,  13.141511],
       [ 87.407886,  15.193508],
       [ 85.108652,  14.96408 ],
       [ 83.747325,  16.766892],
       [ 85.497498,  16.730662],
       [ 84.878289,  17.927862],
       [ 86.050158,  16.98914 ],
       [ 86.880926,  17.510075],
       [ 88.772763,  16.84886 ],
       [ 88.361294,  17.829816],
       [ 87.233127,  19.074681],
       [ 87.041777,  21.174811],
       [ 85.771089,  21.041309],
       [ 84.165758,  20.040416],
       [ 83.726369,  20.538235],
       [ 84.153101,  21.850171],
       [ 83.970738,  23.418663],
       [ 84.447712,  25.903222],
       [ 83.947006,  26.731664],
       [ 84.77291 ,  28.300762],
       [ 85.080821,  28.647018],
       [ 84.203591,  29.497691],
       [ 85.743441,  27.997106],
       [ 84.550293,  29.285298],
       [ 86.705691,  30.489879],
       [ 87.847652,  30.566001],
       [ 89.249537,  31.367298],
       [ 89.540643,  30.209198],
       [ 89.493361,  29.367235],
       [ 89.844134,  28.984021],
       [ 89.146827,  28.268856],
       [ 88.779204,  27.424002],
       [ 89.038347,  28.305036],
       [ 86.751247,  27.255486],
       [ 87.253116,  29.152162],
       [ 87.660663,  30.975884]])]]len(contours) = 5[[450, array([[246.739458,  91.445667],
       [245.668886,  91.087661],
       [244.945316,  89.100581],
       [244.371218,  87.203081],
       [243.576886,  83.740358],
       [243.268635,  83.848618],
       [242.741187,  83.854858],
       [241.785237,  82.941978],
       [240.530318,  83.772776],
       [239.796196,  84.487814],
       [240.727473,  81.547403],
       [240.828627,  80.381185],
       [242.042259,  79.362361],
       [241.680503,  78.582131],
       [242.287201,  76.37364 ],
       [240.467793,  75.81046 ],
       [240.696327,  75.03487 ],
       [240.492177,  72.250209],
       [237.693404,  69.684169],
       [236.64194 ,  67.53482 ],
       [235.85159 ,  66.096316],
       [234.387183,  64.014362],
       [233.547001,  62.618942],
       [233.858099,  62.406471],
       [234.056012,  60.719157],
       [234.725033,  62.303783],
       [236.180299,  61.309075],
       [236.345019,  59.967922],
       [235.088202,  58.92402 ],
       [235.018969,  57.790373],
       [232.999694,  56.042303],
       [232.756122,  56.241384],
       [233.793623,  55.4063  ],
       [233.927166,  52.480636],
       [233.997086,  52.348083],
       [230.608894,  52.639154],
       [230.468865,  54.419532],
       [230.128456,  53.483866],
       [227.372833,  51.692627],
       [224.323871,  50.174006],
       [224.794357,  47.912957],
       [223.794922,  47.554875],
       [222.832167,  47.872145],
       [222.749506,  48.216398],
       [222.093699,  47.866671],
       [221.912989,  48.017199],
       [222.226791,  47.441218],
       [220.974261,  47.620711],
       [220.028534,  47.646918],
       [219.990854,  48.329579],
       [218.48513 ,  46.344484],
       [217.707462,  44.848902],
       [217.14723 ,  44.013994],
       [217.012519,  44.392172],
       [215.614379,  41.560417],
       [213.995478,  41.919315],
       [212.913656,  40.996478],
       [213.199967,  40.179369],
       [212.019508,  38.860293],
       [211.971641,  37.846761],
       [212.334202,  36.965026],
       [211.384945,  38.227232],
       [210.914698,  39.05049 ],
       [212.027985,  38.703866],
       [209.638268,  40.231764],
       [209.296515,  40.958708],
       [207.487634,  39.302351],
       [205.682704,  39.213838],
       [205.489454,  38.299609],
       [203.425164,  38.310132],
       [202.549923,  38.733482],
       [201.963078,  39.221904],
       [200.672004,  37.062193],
       [200.987842,  35.245984],
       [199.312533,  33.946442],
       [196.558467,  34.180844],
       [196.847706,  32.853891],
       [195.165992,  31.866601],
       [193.481394,  33.616561],
       [192.646265,  33.366209],
       [191.761373,  32.39393 ],
       [192.17636 ,  31.081291],
       [190.22926 ,  30.565319],
       [188.932702,  31.484268],
       [188.429611,  32.096112],
       [187.914706,  31.071387],
       [187.474695,  30.225318],
       [184.529378,  29.414983],
       [183.513648,  29.178072],
       [183.168713,  30.023868],
       [181.370025,  28.094726],
       [179.774181,  27.993692],
       [178.799775,  26.603999],
       [178.258606,  27.22717 ],
       [176.939192,  26.393197],
       [176.107332,  26.421575],
       [176.122827,  25.234046],
       [174.446817,  24.973883],
       [172.180728,  27.26662 ],
       [171.652604,  27.905148],
       [170.566222,  26.859963],
       [169.507562,  26.864064],
       [170.353205,  26.165936],
       [169.230476,  24.618524],
       [167.781151,  26.32964 ],
       [167.331115,  26.374649],
       [167.14238 ,  26.612179],
       [165.675378,  28.360981],
       [164.174436,  28.628703],
       [163.365346,  27.423268],
       [162.498462,  28.461608],
       [162.77473 ,  27.430023],
       [162.209244,  27.863701],
       [160.857707,  30.106473],
       [159.5657  ,  29.408667],
       [158.359618,  27.483158],
       [156.486806,  26.536809],
       [155.461468,  26.65109 ],
       [153.069458,  27.320264],
       [152.86892 ,  25.824724],
       [150.367784,  25.157995],
       [151.33761 ,  24.110592],
       [150.891051,  22.940594],
       [151.016301,  23.169393],
       [148.483246,  24.002453],
       [147.986263,  23.178683],
       [148.173024,  22.929611],
       [146.291666,  23.542973],
       [145.774805,  24.421512],
       [143.416266,  24.158082],
       [141.885268,  23.782938],
       [140.904407,  23.066271],
       [140.773042,  22.987049],
       [139.924385,  24.61227 ],
       [139.966113,  26.024542],
       [139.70129 ,  25.423322],
       [138.515408,  25.750168],
       [137.060955,  25.860753],
       [137.610311,  25.144478],
       [135.976806,  24.272894],
       [135.339014,  23.905988],
       [134.123669,  23.245757],
       [132.841278,  22.579652],
       [133.242384,  24.579322],
       [131.812333,  25.626544],
       [130.46145 ,  25.34782 ],
       [129.82699 ,  23.937071],
       [129.38355 ,  23.197354],
       [127.953837,  22.940379],
       [126.518611,  24.542074],
       [126.662461,  24.378749],
       [126.749931,  23.468492],
       [125.062542,  23.46542 ],
       [123.008579,  24.021215],
       [123.819635,  24.387522],
       [124.035482,  24.793536],
       [123.357694,  25.175523],
       [120.556795,  24.050504],
       [121.005164,  23.98091 ],
       [119.916726,  24.094035],
       [117.775904,  23.64807 ],
       [116.68114 ,  23.935187],
       [115.41408 ,  24.137625],
       [115.121148,  24.072564],
       [113.883823,  23.803807],
       [113.961708,  24.191526],
       [111.152226,  24.952356],
       [110.986858,  23.257411],
       [110.451951,  21.917835],
       [109.269812,  23.913585],
       [109.405165,  24.66607 ],
       [109.416759,  24.844342],
       [108.012494,  25.931723],
       [105.913474,  24.594191],
       [105.859119,  25.13921 ],
       [103.379942,  24.827017],
       [102.914387,  24.48397 ],
       [102.808154,  23.184455],
       [101.986745,  23.806993],
       [102.702957,  25.008124],
       [101.792879,  25.881183],
       [101.050051,  27.554915],
       [100.413974,  28.357947],
       [100.423586,  28.474984],
       [100.329064,  29.971969],
       [ 97.743575,  29.905688],
       [ 97.357132,  30.763075],
       [ 98.473215,  31.519864],
       [ 97.751711,  32.402452],
       [ 97.214093,  31.097725],
       [ 96.729287,  32.123824],
       [ 95.978444,  33.033562],
       [ 95.067571,  35.693656],
       [ 96.404698,  34.420441],
       [ 95.141639,  34.753265],
       [ 93.067806,  33.763031],
       [ 92.499391,  32.663045],
       [ 91.9294  ,  32.157985],
       [ 91.979419,  31.596351],
       [ 89.699638,  33.018101],
       [ 88.772696,  34.174312],
       [ 87.366995,  34.621596],
       [ 83.64072 ,  33.516024],
       [ 84.444567,  34.504724],
       [ 82.702301,  35.698797],
       [ 83.018175,  36.398567],
       [ 83.329183,  37.441477],
       [ 83.553157,  36.440709],
       [ 85.726579,  37.263284],
       [ 85.415625,  36.830339],
       [ 86.18721 ,  39.17831 ],
       [ 84.471929,  38.510497],
       [ 83.89725 ,  39.296004],
       [ 81.62623 ,  39.591052],
       [ 81.665607,  40.59292 ],
       [ 80.115238,  40.853772],
       [ 78.371975,  42.244305],
       [ 76.561146,  41.939318],
       [ 74.819667,  43.321495],
       [ 75.128061,  42.569159],
       [ 73.951672,  46.302522],
       [ 74.307206,  45.482705],
       [ 74.412404,  45.310629],
       [ 72.274433,  46.355959],
       [ 69.99154 ,  46.987752],
       [ 68.297422,  47.795636],
       [ 68.531775,  48.525942],
       [ 68.607916,  49.988514],
       [ 68.34868 ,  51.877265],
       [ 66.488714,  51.336162],
       [ 65.54301 ,  51.076262],
       [ 64.722659,  51.196607],
       [ 62.956706,  51.424062],
       [ 61.954451,  50.408084],
       [ 60.228741,  50.428651],
       [ 58.706166,  49.942556],
       [ 59.07752 ,  50.353398],
       [ 59.954909,  49.697407],
       [ 61.216303,  52.33391 ],
       [ 60.860197,  54.706264],
       [ 61.482873,  55.101674],
       [ 61.403721,  56.064929],
       [ 60.849629,  57.402467],
       [ 60.463714,  56.674573],
       [ 60.374454,  58.484693],
       [ 60.447407,  58.242631],
       [ 60.025355,  58.282704],
       [ 57.174455,  58.19966 ],
       [ 57.32593 ,  57.513485],
       [ 56.567107,  61.167766],
       [ 58.202004,  62.730617],
       [ 58.74178 ,  64.701293],
       [ 58.353034,  64.031756],
       [ 57.593298,  64.486978],
       [ 55.992784,  64.021031],
       [ 55.293418,  63.745378],
       [ 54.944284,  63.276406],
       [ 55.194774,  64.330894],
       [ 52.733619,  62.503225],
       [ 51.748379,  60.631291],
       [ 51.348066,  59.659366],
       [ 51.958969,  60.160289],
       [ 53.003011,  60.439541],
       [ 53.967815,  59.809056],
       [ 52.962476,  61.467995],
       [ 52.054051,  61.961557],
       [ 50.618897,  62.872243],
       [ 50.374499,  62.331108],
       [ 50.407796,  62.825604],
       [ 50.982547,  64.684862],
       [ 50.334149,  68.286641],
       [ 51.225865,  68.079167],
       [ 50.653963,  69.168107],
       [ 49.583643,  70.522823],
       [ 49.377715,  69.662029],
       [ 47.328787,  69.661875],
       [ 45.798725,  69.647504],
       [ 46.543392,  69.874044],
       [ 44.191879,  71.783232],
       [ 43.021894,  70.655739],
       [ 42.762853,  70.776572],
       [ 41.921098,  72.725841],
       [ 43.249832,  73.56781 ],
       [ 43.52749 ,  73.309689],
       [ 44.478559,  73.361513],
       [ 43.757083,  73.929093],
       [ 43.78028 ,  74.363607],
       [ 42.666225,  75.079156],
       [ 42.823115,  74.457895],
       [ 43.383476,  75.349678],
       [ 44.125437,  77.722724],
       [ 44.306406,  76.507779],
       [ 43.172696,  78.728086],
       [ 41.850401,  79.690449],
       [ 42.843177,  80.151921],
       [ 44.22333 ,  80.165711],
       [ 43.610667,  79.712992],
       [ 43.389422,  81.759322],
       [ 42.474096,  82.897576],
       [ 42.11765 ,  83.579453],
       [ 41.396315,  83.603944],
       [ 40.802708,  83.343133],
       [ 39.818392,  83.993122],
       [ 40.115262,  86.046338],
       [ 41.204381,  87.364043],
       [ 41.994818,  88.310327],
       [ 43.582745,  88.278952],
       [ 44.212389,  86.528222],
       [ 43.96614 ,  87.015784],
       [ 43.054109,  85.715323],
       [ 42.990417,  85.187268],
       [ 41.978337,  84.354609]])], [630, array([[240.512826,  91.256143],
       [239.561247,  89.542809],
       [238.449775,  89.311   ],
       [237.406101,  88.82908 ],
       [235.58732 ,  88.18519 ],
       [235.770953,  86.520226],
       [234.967924,  85.982622],
       [234.615324,  84.725678],
       [235.01712 ,  84.261198],
       [235.65764 ,  83.403743],
       [235.693361,  82.00726 ],
       [235.064328,  80.061461],
       [235.130434,  79.440967],
       [235.034193,  77.673402],
       [234.657469,  76.449684],
       [234.520667,  74.367333],
       [234.865186,  73.241747],
       [234.77539 ,  70.743646],
       [234.740678,  69.543375],
       [234.523108,  69.136773],
       [235.486624,  68.236988],
       [234.896437,  67.266659],
       [235.155105,  65.420157],
       [234.016271,  61.675861],
       [233.540282,  61.658835],
       [231.967081,  61.880117],
       [230.867848,  60.399101],
       [229.661858,  57.820555],
       [229.69454 ,  58.716443],
       [227.678513,  56.964536],
       [227.849513,  55.090257],
       [228.405057,  53.996999],
       [227.225753,  52.998817],
       [224.860687,  52.456803],
       [225.577977,  51.454112],
       [223.850174,  49.846395],
       [221.714102,  50.038287],
       [221.721578,  51.060701],
       [221.001278,  49.195447],
       [220.9118  ,  47.429867],
       [222.178594,  46.728577],
       [221.26525 ,  45.413175],
       [220.207198,  43.806764],
       [219.244573,  42.709909],
       [218.499058,  44.4212  ],
       [217.221477,  43.794906],
       [216.604616,  44.948454],
       [217.164129,  44.475308],
       [215.279567,  44.009164],
       [215.805198,  43.484169],
       [216.766092,  42.026005],
       [216.382997,  41.085296],
       [215.473956,  40.015684],
       [213.582874,  39.789487],
       [213.338435,  40.713747],
       [211.538426,  38.736477],
       [209.760132,  38.692701],
       [208.550151,  39.227023],
       [208.548187,  40.120837],
       [208.181886,  40.828512],
       [207.231452,  40.678935],
       [206.263571,  40.547303],
       [206.177157,  39.591493],
       [205.701046,  39.025496],
       [207.173485,  38.647492],
       [206.628379,  38.006403],
       [205.698979,  37.222273],
       [204.489258,  36.923937],
       [203.073316,  34.448768],
       [201.070179,  33.522343],
       [200.567216,  33.092463],
       [200.555912,  33.253146],
       [199.087   ,  34.524482],
       [199.316782,  34.152714],
       [197.563427,  33.801823],
       [198.735996,  33.323683],
       [198.638955,  32.301285],
       [199.024714,  32.457932],
       [197.405541,  29.205221],
       [194.248992,  29.04213 ],
       [194.671323,  29.378066],
       [193.698023,  27.75394 ],
       [191.679535,  29.961406],
       [189.742255,  30.250292],
       [188.930579,  30.161213],
       [188.617866,  29.139761],
       [187.343463,  26.686156],
       [185.828444,  26.771626],
       [182.448378,  26.876696],
       [181.589399,  24.208448],
       [181.07015 ,  22.247126],
       [182.219598,  21.927173],
       [182.033996,  21.741547],
       [182.508257,  19.719453],
       [182.152462,  17.661947],
       [182.801356,  17.999369],
       [181.597484,  17.239034],
       [179.532274,  13.832925],
       [179.268526,  14.242419],
       [177.913858,  14.16252 ],
       [177.667491,  14.553986],
       [175.605593,  15.265318],
       [174.952529,  14.999033],
       [174.204802,  14.470486],
       [173.510618,  15.385888],
       [172.431542,  15.662813],
       [171.851775,  14.963914],
       [171.592937,  14.514382],
       [170.155194,  13.68415 ],
       [168.788301,  15.605204],
       [168.976326,  14.90298 ],
       [167.83887 ,  14.402802],
       [165.403275,  14.256077],
       [164.240794,  12.603337],
       [161.363294,  13.719363],
       [160.339808,  12.270295],
       [157.909234,  12.883676],
       [159.141948,  11.916819],
       [158.296034,  11.250547],
       [156.275996,  11.639775],
       [156.460895,  11.11    ],
       [153.726317,  11.438622],
       [152.964872,  13.4209  ],
       [153.332249,  11.877886],
       [151.261712,  12.561685],
       [150.727626,  13.017317],
       [150.204243,  11.965325],
       [149.516018,  13.843658],
       [149.956104,  15.15136 ],
       [148.841585,  15.237145],
       [147.76305 ,  15.242098],
       [147.023212,  15.52108 ],
       [145.663311,  16.02255 ],
       [146.172595,  15.777187],
       [144.022237,  15.794236],
       [144.240086,  17.020385],
       [144.173025,  17.133663],
       [142.756221,  16.706782],
       [141.995452,  16.494707],
       [142.629429,  16.552729],
       [140.139127,  16.412786],
       [138.622891,  17.044139],
       [135.758753,  16.559876],
       [134.441723,  16.416512],
       [133.659195,  15.846153],
       [131.776329,  16.534806],
       [129.240646,  15.338004],
       [129.317085,  16.347164],
       [127.408003,  15.936301],
       [126.363348,  17.258159],
       [126.478846,  18.03681 ],
       [124.865522,  18.228105],
       [124.089024,  17.313749],
       [122.361091,  17.304257],
       [121.723161,  17.739495],
       [122.388318,  17.673271],
       [121.131762,  18.587044],
       [121.188186,  19.166009],
       [119.508343,  17.975313],
       [118.379048,  17.009153],
       [118.222645,  17.615714],
       [115.76426 ,  18.959228],
       [114.816871,  19.256032],
       [115.366558,  18.059418],
       [113.838844,  18.196502],
       [113.996473,  19.658564],
       [112.927155,  20.185254],
       [111.192996,  18.70541 ],
       [110.115043,  18.028706],
       [107.054901,  18.277893],
       [105.063424,  17.797383],
       [105.088391,  16.823055],
       [102.547199,  14.455649],
       [101.67097 ,  13.947367],
       [100.785826,  15.165467],
       [101.029549,  15.995621],
       [100.983925,  14.986629],
       [ 98.76226 ,  16.549667],
       [ 98.524343,  15.343651],
       [ 97.949361,  14.139882],
       [ 97.453096,  14.528691],
       [ 95.58584 ,  13.816737],
       [ 94.270982,  12.905085],
       [ 93.929497,  14.390758],
       [ 93.829195,  13.737044],
       [ 92.581809,  15.424127],
       [ 91.834623,  15.655017],
       [ 92.463864,  15.682009],
       [ 90.863612,  15.639972],
       [ 89.295789,  17.823599],
       [ 88.117292,  17.516333],
       [ 84.882471,  19.072639],
       [ 83.634881,  18.480018],
       [ 83.753538,  18.037571],
       [ 84.257883,  20.910833],
       [ 84.047628,  21.522584],
       [ 83.848012,  22.077888],
       [ 83.946889,  21.039187],
       [ 83.131801,  23.08354 ],
       [ 83.166071,  22.401494],
       [ 81.932625,  23.584234],
       [ 81.428654,  26.056445],
       [ 80.523083,  26.006216],
       [ 78.464871,  25.118919],
       [ 76.983768,  24.391469],
       [ 75.89678 ,  23.374023],
       [ 75.499513,  22.741955],
       [ 73.034323,  24.224719],
       [ 72.980149,  26.081492],
       [ 72.608596,  27.178123],
       [ 73.268522,  26.589737],
       [ 72.402702,  27.772082],
       [ 72.201248,  28.491509],
       [ 69.415404,  27.717014],
       [ 67.525033,  27.655795],
       [ 67.025348,  28.216733],
       [ 67.890891,  28.26241 ],
       [ 67.389609,  28.057477],
       [ 64.799937,  28.926382],
       [ 64.717833,  30.823689],
       [ 65.666745,  32.208846],
       [ 63.69546 ,  33.953391],
       [ 63.3572  ,  35.594395],
       [ 64.3215  ,  36.715002],
       [ 65.091006,  38.317918],
       [ 64.197084,  40.118862],
       [ 62.789635,  39.460744],
       [ 61.031439,  40.752282],
       [ 59.544905,  40.480861],
       [ 58.876343,  40.232511],
       [ 57.272031,  40.357132],
       [ 57.059562,  38.838893],
       [ 55.65895 ,  38.633191],
       [ 55.57931 ,  37.449795],
       [ 54.437003,  36.075879],
       [ 54.032787,  36.895902],
       [ 53.140768,  38.44754 ],
       [ 54.048581,  38.572375],
       [ 55.538906,  39.771384],
       [ 55.521333,  40.993021],
       [ 56.977968,  41.323416],
       [ 57.225949,  40.311451]])], [1290, array([[248.001842,  93.995105],
       [247.947203,  93.943688],
       [247.562863,  94.120833],
       [246.399323,  93.787477],
       [246.338875,  92.278334],
       [246.025338,  92.370895],
       [245.411114,  90.95241 ],
       [243.631483,  89.343062],
       [243.1642  ,  88.663788],
       [244.059229,  87.813589],
       [244.842012,  86.876987],
       [246.498045,  86.534279],
       [246.554807,  86.483559],
       [246.350174,  85.196942],
       [246.532579,  84.091887],
       [245.063893,  83.131837],
       [245.003127,  80.776391],
       [244.47001 ,  80.362114],
       [245.259812,  79.910233],
       [245.833471,  80.145839],
       [245.574863,  78.876512],
       [246.567737,  76.927777],
       [246.504501,  76.642645],
       [248.857794,  75.452849],
       [248.150792,  74.773287],
       [248.758961,  74.553554],
       [246.788265,  73.790179],
       [245.978381,  74.490836],
       [244.85707 ,  73.594742],
       [244.581288,  71.441251],
       [245.868447,  70.026818],
       [246.170541,  68.623037],
       [245.474092,  67.196397],
       [244.88773 ,  65.761412],
       [243.002191,  64.652691],
       [243.424158,  63.766209],
       [243.371611,  62.29557 ],
       [241.840263,  60.008229],
       [242.460088,  58.224242],
       [240.623959,  56.782782],
       [240.87328 ,  55.076211],
       [239.467284,  54.972064],
       [238.073269,  55.145152],
       [237.125002,  54.75485 ],
       [236.631633,  53.549475],
       [236.250651,  52.957624],
       [235.10621 ,  49.620095],
       [233.792766,  51.061896],
       [231.926502,  50.533203],
       [230.68081 ,  49.948234],
       [229.874421,  48.60519 ],
       [228.38735 ,  49.056799],
       [226.007531,  46.964591],
       [225.113977,  46.627936],
       [224.017262,  45.476637],
       [223.058435,  44.740218],
       [222.878634,  43.025764],
       [222.609153,  40.959008],
       [222.289986,  40.081215],
       [219.613558,  38.56115 ],
       [220.220987,  38.767081],
       [218.179638,  39.879774],
       [217.416631,  39.935833],
       [217.03001 ,  39.018858],
       [216.533399,  39.538597],
       [216.054823,  37.931999],
       [214.539105,  37.929515],
       [213.417578,  38.84742 ],
       [212.73349 ,  39.971435],
       [212.65867 ,  40.717922],
       [214.390267,  40.875477],
       [214.14781 ,  40.442134],
       [213.736299,  39.792398],
       [212.866485,  36.937971],
       [212.841296,  36.757303],
       [211.397735,  33.582876],
       [210.085678,  33.567364],
       [210.793188,  32.102611],
       [208.078348,  31.726629],
       [207.469195,  32.856371],
       [206.20973 ,  33.029391],
       [205.049767,  32.544722],
       [203.192233,  31.692772],
       [202.341022,  30.993231],
       [201.775357,  32.011341],
       [201.539364,  31.545281],
       [199.451325,  31.116206],
       [198.319981,  29.618998],
       [197.505959,  29.897471],
       [197.813357,  28.262873],
       [196.590006,  28.033322],
       [196.293932,  29.308265],
       [193.559878,  28.761043],
       [193.322067,  29.871113],
       [190.236493,  29.380759],
       [189.426804,  30.398202],
       [188.564633,  30.706507],
       [188.949137,  30.665986],
       [188.581891,  29.083663],
       [188.721396,  27.488104],
       [186.681731,  25.442324],
       [186.768528,  23.843165],
       [185.746401,  23.668419],
       [185.785944,  22.848285],
       [183.161227,  22.725735],
       [183.421356,  23.872442],
       [181.827912,  24.052087],
       [181.426355,  21.722847],
       [181.346207,  21.505841],
       [179.616643,  23.830836],
       [179.784354,  25.300757],
       [178.667003,  25.389772],
       [178.403081,  25.507732],
       [178.154725,  27.374039],
       [178.464224,  28.743342],
       [177.599101,  28.619007],
       [176.806087,  29.42845 ],
       [174.125957,  30.044606],
       [173.923933,  28.699306],
       [173.161937,  28.235421],
       [173.889196,  29.509509],
       [171.199502,  28.122563],
       [170.176351,  28.954013],
       [169.391721,  28.092026],
       [168.653132,  26.407309],
       [167.108301,  25.368725],
       [165.671607,  24.320796],
       [165.087494,  24.240336],
       [164.13081 ,  21.9525  ],
       [162.187476,  23.037071],
       [162.645006,  24.221933],
       [161.736256,  24.800157],
       [161.535143,  25.061808],
       [160.93683 ,  25.356633],
       [161.15391 ,  25.285645],
       [159.19896 ,  27.220731],
       [157.412272,  28.836245],
       [154.615272,  29.844147],
       [154.266506,  30.284072],
       [154.612879,  31.168629],
       [155.329366,  31.824593],
       [154.415665,  30.621562],
       [154.123676,  30.873066],
       [151.899998,  30.864196],
       [149.957879,  32.188507],
       [147.56512 ,  31.628084],
       [146.744979,  30.617628],
       [147.098432,  30.648126],
       [146.229247,  31.596031],
       [144.024729,  33.095454],
       [143.428747,  32.498237],
       [141.883389,  32.167199],
       [140.96828 ,  31.582661],
       [140.435078,  32.470448],
       [141.691315,  32.687987],
       [140.57455 ,  31.331098],
       [140.815953,  32.263767],
       [139.485759,  30.669879],
       [139.359024,  32.274514],
       [139.003896,  30.848868],
       [136.298324,  31.503843],
       [134.642979,  32.298819],
       [133.46321 ,  31.99233 ],
       [133.072486,  32.60718 ],
       [133.501291,  31.699896],
       [133.888272,  31.138377],
       [133.636434,  29.60984 ],
       [131.772604,  30.263686],
       [131.432905,  30.97719 ],
       [129.290734,  31.847285],
       [127.417668,  32.314275],
       [126.00684 ,  32.017423],
       [126.406728,  32.956801],
       [123.949777,  33.531916],
       [122.536668,  33.366859],
       [122.417171,  31.459406],
       [120.043572,  31.499484],
       [118.759613,  30.809755],
       [118.501897,  29.204146],
       [119.31817 ,  28.669407],
       [117.803788,  28.295142],
       [115.404854,  28.490326],
       [113.702553,  27.945555],
       [114.70181 ,  27.723723],
       [113.259666,  28.253389],
       [113.294201,  28.672408],
       [112.176721,  28.152494],
       [109.819932,  26.405696],
       [109.572225,  25.475274],
       [108.108161,  24.722599],
       [107.898462,  24.01915 ],
       [106.939607,  25.131777],
       [107.356332,  25.000934],
       [104.380887,  26.065008],
       [103.730019,  25.080636],
       [103.434175,  26.2587  ],
       [102.245603,  26.605991],
       [101.424381,  28.988025],
       [101.618619,  31.602455],
       [101.251372,  33.470289],
       [101.423922,  33.526804],
       [100.473458,  33.183366],
       [100.219539,  33.035628],
       [ 99.009006,  35.235423],
       [ 96.675397,  35.256748],
       [ 95.374307,  34.385221],
       [ 94.315006,  34.356203],
       [ 92.433067,  33.29602 ],
       [ 92.132888,  32.258174],
       [ 91.508963,  31.260026],
       [ 91.671553,  30.073366],
       [ 93.750485,  30.980769],
       [ 93.930402,  31.259688],
       [ 93.791385,  32.792246],
       [ 92.868282,  33.693034],
       [ 92.27495 ,  33.294752],
       [ 91.360364,  33.533765],
       [ 92.105081,  34.121037],
       [ 89.464832,  36.019782],
       [ 86.839439,  35.639246],
       [ 87.047443,  37.842128],
       [ 86.719109,  38.39807 ],
       [ 85.633885,  39.070073],
       [ 86.268005,  40.793463],
       [ 84.629992,  41.659334],
       [ 84.941736,  42.274668],
       [ 83.277527,  42.433795],
       [ 83.559298,  42.525206],
       [ 83.861323,  43.842452],
       [ 84.134619,  45.858455],
       [ 83.236822,  45.844202],
       [ 81.716385,  45.381142],
       [ 81.647675,  45.407492],
       [ 80.208644,  45.657227],
       [ 78.610033,  45.145473],
       [ 77.523803,  45.845609],
       [ 79.17616 ,  47.276809],
       [ 79.705358,  48.712186],
       [ 79.655713,  48.395311],
       [ 80.982565,  49.778137],
       [ 79.634981,  50.07188 ],
       [ 78.498513,  50.582464],
       [ 75.687067,  52.567557],
       [ 76.311717,  53.92017 ],
       [ 75.552756,  54.731827],
       [ 73.657774,  54.487863],
       [ 73.365333,  54.869541],
       [ 72.656746,  54.847727],
       [ 73.054677,  57.169791],
       [ 72.406915,  58.785517],
       [ 71.891373,  57.712586],
       [ 70.009218,  56.983123],
       [ 69.334778,  58.332539],
       [ 67.926543,  57.585218],
       [ 68.030417,  58.580161],
       [ 67.962037,  59.866772],
       [ 67.85796 ,  61.021227],
       [ 67.308745,  62.239216],
       [ 67.523302,  62.778997],
       [ 68.774277,  63.519205],
       [ 68.012664,  65.452314],
       [ 66.617766,  64.96839 ],
       [ 65.932458,  64.029937],
       [ 65.719811,  63.888005],
       [ 64.158185,  65.637754],
       [ 63.063495,  66.632249],
       [ 62.427745,  67.018754],
       [ 60.944804,  66.159786],
       [ 59.695115,  66.964307],
       [ 58.929554,  65.756766],
       [ 58.276653,  68.28421 ],
       [ 57.019193,  66.70873 ],
       [ 56.306151,  66.406525],
       [ 56.362214,  65.199426],
       [ 54.779066,  65.765028],
       [ 53.805055,  67.677544],
       [ 52.431718,  67.955014],
       [ 51.990603,  66.663852],
       [ 51.884477,  66.254542],
       [ 51.617648,  65.85811 ],
       [ 50.045121,  65.956205],
       [ 49.238536,  65.192842],
       [ 47.299613,  66.28045 ],
       [ 47.422063,  66.689159],
       [ 47.244604,  67.964125],
       [ 46.265845,  69.123455],
       [ 44.885571,  70.325783],
       [ 43.65995 ,  69.578598],
       [ 42.891689,  69.884441],
       [ 41.622881,  70.520889],
       [ 42.021679,  71.385228],
       [ 39.409452,  71.317582],
       [ 38.181419,  73.262866],
       [ 37.029924,  71.565848],
       [ 36.071551,  72.370549],
       [ 36.977033,  71.946314],
       [ 36.513505,  73.779188],
       [ 36.314477,  73.71889 ],
       [ 35.433629,  74.332383],
       [ 35.122586,  73.770825],
       [ 35.170839,  74.340692],
       [ 35.832303,  74.513063],
       [ 35.068418,  77.327498],
       [ 34.677362,  78.864711],
       [ 33.56452 ,  79.104621],
       [ 32.054717,  79.477212],
       [ 31.340733,  78.64376 ],
       [ 29.990359,  78.749056],
       [ 29.926644,  80.615796],
       [ 28.900026,  80.44616 ],
       [ 27.452634,  79.817254],
       [ 27.171987,  81.293657],
       [ 25.846642,  80.750334],
       [ 25.011387,  82.319652],
       [ 24.650203,  82.018254],
       [ 23.10704 ,  83.190242],
       [ 21.364131,  84.320583],
       [ 20.137329,  83.749639],
       [ 18.990375,  84.39269 ],
       [ 20.048241,  83.550452],
       [ 18.641002,  85.231671],
       [ 17.92848 ,  84.654402],
       [ 18.58814 ,  85.28622 ],
       [ 16.540115,  86.235184],
       [ 17.725808,  86.447093],
       [ 17.850291,  86.619889],
       [ 18.103205,  86.741818],
       [ 17.93965 ,  87.828928],
       [ 17.470391,  87.774471],
       [ 17.227538,  88.490164],
       [ 17.100845,  89.422866],
       [ 15.185396,  89.8111  ],
       [ 14.766037,  88.580676],
       [ 14.731682,  87.629729],
       [ 12.115023,  88.912693],
       [  9.64431 ,  89.070085],
       [  9.716762,  88.215851],
       [ 10.660656,  87.241503],
       [ 11.108033,  85.137571],
       [ 11.433171,  84.644496],
       [ 10.52764 ,  86.107026],
       [  9.726963,  86.073007],
       [  9.466193,  86.2685  ],
       [  9.184946,  87.046284],
       [  7.900143,  87.564444],
       [  9.148163,  88.071078],
       [  9.940274,  88.608106]])], [1317, array([[242.997054,  94.958281],
       [244.225835,  92.260018],
       [242.257619,  91.204016],
       [242.179621,  90.494488],
       [241.055456,  87.920614],
       [240.156278,  86.762636],
       [240.945193,  84.997604],
       [241.637056,  81.651361],
       [241.241402,  80.596018],
       [241.532496,  79.745551],
       [241.084634,  79.160092],
       [239.807873,  79.345614],
       [239.911243,  75.379264],
       [239.906344,  74.328106],
       [238.56755 ,  73.546372],
       [236.472613,  72.648982],
       [235.765929,  72.407893],
       [234.810609,  72.146262],
       [234.13823 ,  72.377365],
       [233.614446,  71.58382 ],
       [234.493948,  71.234869],
       [234.039901,  69.280716],
       [235.683343,  67.279839],
       [235.811295,  64.386794],
       [236.450381,  63.643982],
       [235.065396,  61.314348],
       [234.397857,  60.961573],
       [233.380728,  58.922228],
       [234.791584,  58.415904],
       [233.567636,  56.938498],
       [232.749168,  56.782704],
       [233.059607,  54.547218],
       [233.535396,  53.743765],
       [233.597792,  52.459045],
       [231.697116,  51.563315],
       [229.626705,  52.457191],
       [228.830034,  51.458238],
       [227.743897,  51.019237],
       [227.552544,  51.606879],
       [227.166922,  52.04464 ],
       [226.793277,  51.369871],
       [226.894574,  48.930092],
       [226.080178,  46.767942],
       [224.245541,  47.694982],
       [223.91509 ,  47.552857],
       [224.085096,  46.169093],
       [222.691017,  46.067474],
       [222.900531,  46.461719],
       [222.157721,  45.166739],
       [221.705161,  43.765601],
       [220.339471,  44.744695],
       [220.08847 ,  45.404441],
       [218.869813,  44.537381],
       [216.943188,  41.251134],
       [217.195643,  39.599411],
       [216.317556,  39.351004],
       [214.876278,  40.095444],
       [213.297287,  38.806843],
       [212.767796,  38.62869 ],
       [212.530959,  37.945865],
       [213.446275,  36.242389],
       [210.835337,  35.20846 ],
       [209.427081,  33.487552],
       [209.344969,  31.580683],
       [207.758735,  31.784907],
       [207.316876,  32.187384],
       [206.000798,  31.760367],
       [204.888657,  30.271107],
       [203.007884,  28.427553],
       [201.952497,  27.89173 ],
       [202.209108,  27.857229],
       [202.025167,  26.451753],
       [200.63062 ,  25.705959],
       [200.138711,  26.018935],
       [199.53004 ,  25.00053 ],
       [200.42725 ,  24.309574],
       [198.562097,  23.172694],
       [198.644155,  23.582549],
       [197.98997 ,  25.061385],
       [196.526576,  24.477233],
       [196.923162,  22.831656],
       [195.323449,  22.664626],
       [193.311485,  22.30269 ],
       [190.074006,  20.232866],
       [188.855672,  19.484851],
       [185.671407,  18.798909],
       [182.719783,  17.907503],
       [181.527553,  16.499334],
       [182.670905,  16.363831],
       [183.001221,  15.305242],
       [181.217091,  14.473997],
       [180.122779,  13.246383],
       [179.254699,  14.624264],
       [178.888459,  14.06202 ],
       [177.226232,  14.658179],
       [177.101662,  15.61709 ],
       [176.149268,  16.126334],
       [176.231321,  14.915552],
       [175.654372,  12.972424],
       [174.489525,  12.815846],
       [172.290827,  13.397357],
       [171.425599,  11.956284],
       [169.706992,  12.163754],
       [167.436358,  11.017571],
       [165.274574,  13.094001],
       [165.530616,  13.110182],
       [166.185873,  13.543223],
       [165.722672,  15.224838],
       [164.364231,  15.522926],
       [163.813227,  15.817469],
       [161.500557,  15.051868],
       [159.983967,  14.251718],
       [159.640147,  13.621477],
       [159.277317,  13.767808],
       [158.894607,  13.105131],
       [156.613132,  12.817921],
       [155.319881,  15.149076],
       [154.949421,  15.223346],
       [154.251464,  14.831404],
       [154.504936,  14.634338],
       [153.466937,  16.821399],
       [151.386696,  16.206477],
       [149.326536,  14.986645],
       [148.076692,  13.509542],
       [147.607727,  13.429264],
       [148.10102 ,  13.310431],
       [146.668343,  13.843206],
       [146.498802,  15.629683],
       [144.990315,  15.292423],
       [145.691871,  14.669571],
       [145.454979,  14.046519],
       [145.288716,  15.669892],
       [143.662222,  15.227377],
       [143.370363,  15.077289],
       [143.787542,  14.603025],
       [141.566553,  13.362146],
       [139.732163,  13.140672],
       [138.210603,  13.069727],
       [136.434813,  13.429906],
       [135.492944,  13.12652 ],
       [134.185794,  13.804521],
       [133.584424,  15.39359 ],
       [133.307052,  15.293928],
       [132.078527,  14.914639],
       [129.493867,  14.170998],
       [129.418252,  14.043039],
       [129.798143,  15.384132],
       [129.744473,  16.592745],
       [129.273486,  16.550183],
       [129.293909,  18.382393],
       [128.483644,  19.134617],
       [125.485861,  19.281103],
       [124.462271,  19.198224],
       [123.714067,  19.127704],
       [123.253168,  20.976323],
       [121.683044,  21.256057],
       [121.074573,  21.397418],
       [120.026873,  20.626048],
       [119.644315,  21.796674],
       [120.31301 ,  22.309164],
       [119.490242,  22.277683],
       [119.327577,  22.548258],
       [118.240075,  22.16453 ],
       [118.399993,  21.840871],
       [116.699479,  22.354024],
       [114.989912,  23.021429],
       [114.846053,  21.962791],
       [114.142993,  21.736349],
       [112.886027,  22.595118],
       [112.220309,  22.810999],
       [111.062299,  21.623082],
       [109.509702,  22.201913],
       [110.228815,  23.423128],
       [110.39092 ,  23.975372],
       [108.416256,  24.128722],
       [105.879662,  24.256057],
       [105.384913,  23.124229],
       [105.050871,  21.968986],
       [102.860331,  22.210498],
       [102.600366,  21.277653],
       [103.946056,  21.540627],
       [103.308318,  22.528604],
       [101.208725,  23.732027],
       [ 99.781379,  25.520281],
       [ 99.044052,  25.075211],
       [ 98.022005,  27.365222],
       [ 96.436405,  26.701823],
       [ 95.163586,  25.65605 ],
       [ 94.320869,  27.069016],
       [ 94.511271,  28.119254],
       [ 96.097321,  28.549995],
       [ 96.02962 ,  29.834755],
       [ 97.242398,  31.877091],
       [ 96.15921 ,  33.14199 ],
       [ 94.20728 ,  34.665528],
       [ 93.537292,  35.542517],
       [ 94.04956 ,  36.289703],
       [ 91.610993,  37.519672],
       [ 93.061027,  38.87262 ],
       [ 92.532427,  40.500873],
       [ 93.367855,  40.128007],
       [ 92.449358,  41.022461],
       [ 91.474218,  39.156708],
       [ 91.620836,  40.369992],
       [ 91.045824,  39.52107 ],
       [ 89.524647,  40.954768],
       [ 90.696431,  42.828404],
       [ 90.827716,  43.076686],
       [ 90.857469,  43.939995],
       [ 90.365243,  44.567246],
       [ 90.699064,  46.451382],
       [ 92.030837,  45.942644],
       [ 93.111388,  46.325949],
       [ 92.813346,  47.638848],
       [ 91.929534,  46.969631],
       [ 90.823469,  47.403603],
       [ 91.122424,  46.547128],
       [ 90.81751 ,  48.649247],
       [ 89.04941 ,  48.341595],
       [ 90.147949,  46.65318 ],
       [ 91.409677,  47.74712 ],
       [ 86.749629,  46.959377],
       [ 86.421056,  47.20412 ],
       [ 84.985289,  47.016668],
       [ 85.768296,  48.357526],
       [ 85.987483,  49.15486 ],
       [ 84.894265,  48.799319],
       [ 84.507357,  50.41745 ],
       [ 83.658651,  51.871462],
       [ 84.773775,  49.102315],
       [ 85.239338,  54.8586  ],
       [ 85.111082,  54.232309],
       [ 83.646771,  53.443525],
       [ 83.790034,  54.508423],
       [ 85.400145,  56.797045],
       [ 86.283998,  55.782793],
       [ 85.62463 ,  56.45593 ],
       [ 84.719746,  56.541461],
       [ 87.175192,  57.745524],
       [ 86.179842,  59.027589],
       [ 85.576166,  59.389356],
       [ 84.615839,  58.837874],
       [ 85.653857,  58.114095],
       [ 85.536614,  58.714143],
       [ 85.948166,  57.936807],
       [ 84.501235,  56.698516]])], [1699, array([[240.561922,  98.083233],
       [239.420958,  96.51602 ],
       [240.109255,  96.941823],
       [240.384198,  95.235479],
       [241.047612,  94.266123],
       [240.493277,  94.279282],
       [239.562753,  93.740244],
       [239.9386  ,  92.625664],
       [239.130637,  91.949779],
       [239.545965,  91.231404],
       [238.643969,  89.469128],
       [238.182915,  89.166268],
       [237.274317,  89.456594],
       [235.813923,  85.878083],
       [237.859036,  85.00873 ],
       [238.127647,  84.827949],
       [236.58546 ,  81.670552],
       [236.043375,  81.632055],
       [235.836481,  80.593195],
       [235.584858,  79.880964],
       [236.846279,  79.13545 ],
       [235.843862,  76.164347],
       [235.053292,  74.274971],
       [234.979903,  72.534886],
       [234.764243,  71.473685],
       [233.580648,  70.338104],
       [232.17043 ,  68.702608],
       [232.249021,  68.078563],
       [232.413047,  66.026737],
       [231.421197,  65.631801],
       [228.687897,  65.190594],
       [230.520652,  63.035383],
       [229.124002,  60.645258],
       [229.770938,  58.67308 ],
       [228.290573,  58.662349],
       [227.061546,  57.085969],
       [226.510576,  55.020893],
       [226.417065,  54.132881],
       [224.212873,  53.9732  ],
       [223.080051,  52.71563 ],
       [223.842835,  51.61981 ],
       [222.393449,  49.695063],
       [221.226825,  48.504837],
       [221.273499,  47.846081],
       [219.768191,  48.393229],
       [218.905786,  47.040121],
       [218.667103,  48.013058],
       [217.260747,  47.5555  ],
       [216.705996,  48.393288],
       [217.621039,  46.049188],
       [216.351303,  43.077403],
       [216.205936,  40.226398],
       [214.167877,  39.478521],
       [214.090259,  39.990863],
       [213.239255,  40.587341],
       [212.845274,  40.303397],
       [212.025095,  39.932228],
       [211.539586,  39.597325],
       [210.551767,  41.265633],
       [209.53623 ,  40.376409],
       [207.978596,  39.355971],
       [208.460405,  38.111699],
       [206.736099,  37.911444],
       [205.887568,  37.695957],
       [205.166013,  37.739427],
       [203.373304,  38.257719],
       [203.55269 ,  36.574308],
       [204.094407,  35.499953],
       [204.047451,  33.569106],
       [202.598673,  34.361852],
       [202.688136,  33.025877],
       [201.678342,  32.806479],
       [201.721999,  32.305182],
       [201.242653,  32.406271],
       [201.064924,  31.611089],
       [200.488405,  30.786303],
       [199.302764,  30.614062],
       [197.467271,  30.316657],
       [196.130695,  30.392042],
       [195.051192,  31.204587],
       [192.872843,  28.87424 ],
       [191.714   ,  27.848945],
       [191.253369,  28.093538],
       [189.733008,  27.276016],
       [189.527955,  26.745688],
       [189.764919,  26.041761],
       [188.99516 ,  25.67304 ],
       [188.963838,  25.94888 ],
       [187.303009,  24.934979],
       [184.96094 ,  23.818907],
       [185.36629 ,  22.338953],
       [185.315505,  20.632034],
       [184.329549,  21.559498],
       [183.258379,  22.526157],
       [181.547571,  22.612838],
       [180.314749,  21.052384],
       [180.417891,  20.441438],
       [178.269607,  19.790787],
       [178.260316,  20.838768],
       [179.041598,  21.13853 ],
       [179.028306,  19.575942],
       [179.305822,  19.196364],
       [179.480867,  17.467791],
       [178.552684,  17.436334],
       [177.706837,  15.505962],
       [177.489365,  16.226382],
       [174.70835 ,  16.112207],
       [173.25266 ,  17.796967],
       [171.375733,  18.504229],
       [169.540579,  16.483283],
       [168.439194,  16.020018],
       [167.156946,  14.760245],
       [166.827432,  16.115568],
       [166.727307,  16.027919],
       [167.964375,  16.673473],
       [167.393754,  15.528305],
       [168.347526,  18.353447],
       [167.827974,  18.324577],
       [165.400047,  18.234227],
       [164.134169,  17.166934],
       [163.624095,  15.802672],
       [162.083441,  16.434067],
       [160.488014,  14.998498],
       [158.985966,  16.689154],
       [160.273437,  16.493204],
       [159.108452,  15.454546],
       [156.413097,  13.279776],
       [154.477758,  13.486284],
       [155.106623,  13.968663],
       [153.567097,  14.427314],
       [152.953664,  14.445326],
       [152.300893,  12.681466],
       [150.244917,  13.659981],
       [150.208798,  15.464734],
       [148.565476,  14.339184],
       [146.94978 ,  12.109964],
       [145.221124,  11.215812],
       [144.451429,   9.818411],
       [142.718082,  12.03612 ],
       [143.474241,  10.03731 ],
       [142.415015,   9.343061],
       [140.198185,   6.976465],
       [137.604245,   7.067616],
       [136.69046 ,   6.205896],
       [134.146552,   5.756267],
       [133.534512,   5.998401],
       [135.10453 ,   7.801192],
       [133.786715,   7.935407],
       [132.365818,   7.588409],
       [130.464641,   9.533874],
       [128.63351 ,  10.331313],
       [127.8484  ,   9.230421],
       [126.119854,   9.308206],
       [123.576165,   8.426256],
       [122.748371,   8.973257],
       [122.243863,   8.184542],
       [121.093419,   7.804601],
       [118.942722,   7.913502],
       [120.318705,   8.209456],
       [119.884645,   8.525804],
       [120.634388,  10.537023],
       [119.921611,  10.183096],
       [118.607852,  10.648687],
       [118.907045,  12.83918 ],
       [119.706928,  13.006786],
       [118.439981,  11.988297],
       [118.116929,  13.065925],
       [117.787363,  13.883826],
       [115.777198,  15.340805],
       [115.261513,  13.359694],
       [113.679906,  12.01935 ],
       [112.611459,  11.507   ],
       [113.666329,  12.255038],
       [111.507201,  12.280792],
       [111.296866,  12.899338],
       [110.490621,  13.922575],
       [110.198186,  15.190795],
       [110.227675,  15.475869],
       [109.608316,  14.652978],
       [107.094242,  15.037859],
       [105.575791,  13.314904],
       [105.941934,  14.050195],
       [105.749793,  14.52122 ],
       [106.061236,  15.368227],
       [103.698641,  16.271689],
       [102.325031,  15.892538],
       [102.008366,  16.097558],
       [101.479325,  15.342503],
       [ 99.921075,  16.252967],
       [100.118017,  15.247304],
       [ 99.001246,  13.562584],
       [ 97.773968,  15.427823],
       [ 97.360639,  15.690703],
       [ 95.870056,  15.223565],
       [ 95.284613,  13.501524],
       [ 94.616176,  14.360013],
       [ 93.2194  ,  15.343855],
       [ 91.683389,  15.481995],
       [ 90.308143,  14.553738],
       [ 89.872226,  14.287166],
       [ 89.279142,  12.555659],
       [ 88.394509,  13.042157],
       [ 87.312885,  12.872691],
       [ 88.516687,  13.141511],
       [ 87.407886,  15.193508],
       [ 85.108652,  14.96408 ],
       [ 83.747325,  16.766892],
       [ 85.497498,  16.730662],
       [ 84.878289,  17.927862],
       [ 86.050158,  16.98914 ],
       [ 86.880926,  17.510075],
       [ 88.772763,  16.84886 ],
       [ 88.361294,  17.829816],
       [ 87.233127,  19.074681],
       [ 87.041777,  21.174811],
       [ 85.771089,  21.041309],
       [ 84.165758,  20.040416],
       [ 83.726369,  20.538235],
       [ 84.153101,  21.850171],
       [ 83.970738,  23.418663],
       [ 84.447712,  25.903222],
       [ 83.947006,  26.731664],
       [ 84.77291 ,  28.300762],
       [ 85.080821,  28.647018],
       [ 84.203591,  29.497691],
       [ 85.743441,  27.997106],
       [ 84.550293,  29.285298],
       [ 86.705691,  30.489879],
       [ 87.847652,  30.566001],
       [ 89.249537,  31.367298],
       [ 89.540643,  30.209198],
       [ 89.493361,  29.367235],
       [ 89.844134,  28.984021],
       [ 89.146827,  28.268856],
       [ 88.779204,  27.424002],
       [ 89.038347,  28.305036],
       [ 86.751247,  27.255486],
       [ 87.253116,  29.152162],
       [ 87.660663,  30.975884]])]]